# Created by Octave 4.2.1, Tue Jun 20 10:05:35 2017 -03 <julian@argon>
# name: vTasasDeCaida
# type: matrix
# rows: 30
# columns: 1
 49
 49
 49
 49
 49
 95
 95
 95
 95
 95
 113
 113
 113
 113
 113
 232
 232
 232
 232
 232
 342
 342
 342
 342
 342
 508
 508
 508
 508
 508


# name: limitesMejorBanda
# type: matrix
# rows: 1
# columns: 2
 586 627


# name: mejorBPorEnergia
# type: matrix
# rows: 2
# columns: 1
 -81.34373545889494
 1.137878301389731


# name: mejorRCuadradoPorEnergia
# type: scalar
0.7947443207978513


# name: energiasMejorRegresion
# type: matrix
# rows: 30
# columns: 1
 270.8582511127419
 206.195415484834
 140.437721233955
 235.9412236315149
 141.4938814445658
 173.9274748176302
 129.8471673469097
 162.6757089731046
 146.3338786999629
 199.0143102518924
 163.6218377734139
 180.3172088441484
 111.1827832110182
 146.5970560236088
 184.0589052659364
 350.8497579060578
 240.2985103867543
 286.0568701293697
 190.6123325465247
 167.7314405448926
 407.5962655430306
 305.419578575212
 456.6932013589221
 311.0423280739359
 355.4929145176559
 450.9515350232355
 383.1973677943049
 498.5570220837636
 521.1389746345734
 510.232631837901


# name: rectaEnergias
# type: function handle
@<anonymous>
@(y) (y - mejorBPorEnergia (1)) ./ mejorBPorEnergia (2)
# length: 1
# name: mejorBPorEnergia
# type: matrix
# rows: 2
# columns: 1
 -81.34373545889494
 1.137878301389731




# name: mejorLimiteSuperior
# type: scalar
950


# name: mejorRCuadradoCentros
# type: scalar
0.8364542045517754


# name: mejorBCentros
# type: matrix
# rows: 2
# columns: 1
 2152.016674270353
 -3.9251604282455


# name: mejoresCentros
# type: matrix
# rows: 30
# columns: 1
 501.7538775795093
 518.6107517237886
 534.6629656698434
 523.1179879584997
 544.6033655350622
 518.0042455557938
 506.4408063399698
 503.2634468908727
 534.6830541863942
 483.5874803135631
 523.2812523417255
 521.2957072290694
 525.6780698842316
 531.3065189286563
 512.157221527215
 498.0745731218059
 500.9913688303125
 494.5137766360484
 472.7469913704865
 485.4339457739683
 488.1537697172679
 501.4948687405139
 474.7667630030574
 469.6297553676952
 469.3476187988491
 438.176798767108
 425.0350678636669
 416.0654665057767
 411.9945795745454
 413.3279457483065


# name: rectaCentros
# type: function handle
@<anonymous>
@(y) (y - mejorBCentros (1)) ./ mejorBCentros (2)
# length: 1
# name: mejorBCentros
# type: matrix
# rows: 2
# columns: 1
 2152.016674270353
 -3.9251604282455




# name: mejorLimiteInferior
# type: scalar
50


# name: mejorRCuadradoCentrosInv
# type: scalar
0.767906556672201


# name: mejorBCentrosInv
# type: matrix
# rows: 2
# columns: 1
 2139.984238936535
 -4.849291524689114


# name: mejoresCentrosInv
# type: matrix
# rows: 30
# columns: 1
 398.1497585973743
 427.1808555061381
 407.7013707392272
 434.1792664937289
 445.5020447365612
 409.1626973752434
 393.4881265159836
 415.1222093189897
 413.0150966394718
 390.8102907624875
 420.8404779405987
 409.4951110168445
 414.6895203417261
 420.1667634006674
 409.6343701002856
 395.2280406310454
 404.7869297411715
 398.4551664315667
 394.4882720667881
 407.538150382559
 397.0322485252398
 400.7282365110759
 384.3788863328064
 385.3084717991341
 380.8221148463861
 362.9489895378301
 350.7623334121693
 330.7932113581448
 331.4338173751418
 324.4929460420619


# name: rectaCentrosInv
# type: function handle
@<anonymous>
@(y) (y - mejorBCentrosInv (1)) ./ mejorBCentrosInv (2)
# length: 1
# name: mejorBCentrosInv
# type: matrix
# rows: 2
# columns: 1
 2139.984238936535
 -4.849291524689114




# name: mejorBandaNumerador
# type: matrix
# rows: 1
# columns: 2
 589 650


# name: mejorBandaDenominador
# type: matrix
# rows: 1
# columns: 2
 2066 2127


# name: mejorRCuadradoCocientes
# type: scalar
0.9422900372413927


# name: mejorBCocientes
# type: matrix
# rows: 2
# columns: 1
 24.89421936217789
 709.9124461109509


# name: mejoresCocientes
# type: matrix
# rows: 30
# columns: 1
 0.09177480151068781
 0.04292405964370401
 0.1335118512811055
 0.05556405969062237
 0.04192031732330505
 0.09003428350082839
 0.1207054995035351
 0.09851651193514967
 0.09997876818080081
 0.110275767308319
 0.1088431478010753
 0.1419292730246028
 0.05458788601178296
 0.1113567397846084
 0.08184678539323716
 0.3896671367817088
 0.3693577947200279
 0.3083116779092666
 0.2455978833831837
 0.2015131874773421
 0.3970249376554609
 0.4703716942116085
 0.5550511622971139
 0.4346748229611704
 0.345655486950848
 0.6241670936468193
 0.5922140709392993
 0.7353443542648261
 0.6794479957415581
 0.6465732176250046


# name: rectaCocientes
# type: function handle
@<anonymous>
@(y) (y - mejorBCocientes (1)) ./ mejorBCocientes (2)
# length: 1
# name: mejorBCocientes
# type: matrix
# rows: 2
# columns: 1
 24.89421936217789
 709.9124461109509




